loss - 0.7989358901977539,
 0.6092574000358582,
 0.5388017892837524,
 0.5029009580612183,
 0.47839897871017456,
 0.46438974142074585,
 0.4611060619354248,
 0.44705620408058167,
 0.4422503709793091,
 0.4301174581050873,
 0.42462366819381714,
 0.4162184000015259,
 0.4073735773563385,
 0.41027775406837463,
 0.4061516523361206,
 0.39737483859062195,
 0.3925277292728424,
 0.38729655742645264,
 0.3885764181613922,
 0.38199248909950256,
 0.378124475479126,
 0.37891247868537903,
 0.37243691086769104,
 0.36844855546951294,
 0.3682117164134979,
 0.361118346452713,
 0.36050811409950256,
 0.3556556701660156,
 0.3535899519920349,
 0.35122913122177124,
 0.34863585233688354,
 0.3483726680278778,
 0.34014368057250977,
 0.34091731905937195,
 0.33747267723083496,
 0.33682966232299805,
 0.3306741416454315,
 0.327034056186676,
 0.3276219367980957,
 0.3250083029270172,
 0.32442301511764526,
 0.31876426935195923,
 0.3188374638557434,
 0.32062047719955444,
 0.3143884539604187,
 0.3122449517250061,
 0.3101048171520233,
 0.30532214045524597,
 0.30547231435775757,
 0.3082630932331085

val_loss - 0.7271100282669067,
 0.5780156850814819,
 0.5023916363716125,
 0.4831196963787079,
 0.4530746638774872,
 0.4632095992565155,
 0.4556519687175751,
 0.4478912949562073,
 0.43048596382141113,
 0.4382585287094116,
 0.42777687311172485,
 0.41678696870803833,
 0.3982188105583191,
 0.3941790759563446,
 0.40542271733283997,
 0.3915456533432007,
 0.3965093791484833,
 0.37639012932777405,
 0.38391247391700745,
 0.3750305771827698,
 0.3675544857978821,
 0.36895307898521423,
 0.37121790647506714,
 0.366061806678772,
 0.3565095067024231,
 0.35218122601509094,
 0.36164361238479614,
 0.3401523530483246,
 0.34920284152030945,
 0.33115220069885254,
 0.33920571208000183,
 0.33462411165237427,
 0.3233756721019745,
 0.326038122177124,
 0.32478025555610657,
 0.31985747814178467,
 0.30620867013931274,
 0.31970471143722534,
 0.33395329117774963,
 0.3197650909423828,
 0.31036245822906494,
 0.3162439465522766,
 0.3091169595718384,
 0.3070482015609741,
 0.3157723844051361,
 0.2952730655670166,
 0.3016345202922821,
 0.29177939891815186,
 0.28911206126213074,
 0.2846078872680664

accuracy - 0.6353342533111572,
 0.7375763058662415,
 0.7713130712509155,
 0.7880560159683228,
 0.7992112636566162,
 0.8053516149520874,
 0.8071218132972717,
 0.8138134479522705,
 0.8158214688301086,
 0.8204348683357239,
 0.8231107592582703,
 0.8260360360145569,
 0.8299221992492676,
 0.8290370106697083,
 0.8303987383842468,
 0.834254264831543,
 0.8363013863563538,
 0.8381615281105042,
 0.8380031585693359,
 0.8401327133178711,
 0.841722846031189,
 0.8414914608001709,
 0.8444116115570068,
 0.8461651802062988,
 0.8460040092468262,
 0.849062442779541,
 0.8492546677589417,
 0.850987434387207,
 0.8518097996711731,
 0.8528915643692017,
 0.8543592691421509,
 0.854009747505188,
 0.8575744032859802,
 0.8574013113975525,
 0.8585720658302307,
 0.8589560389518738,
 0.8614006042480469,
 0.8633577823638916,
 0.862755537033081,
 0.8637958765029907,
 0.8642415404319763,
 0.8665871024131775,
 0.8664464354515076,
 0.865879237651825,
 0.8684410452842712,
 0.8694950342178345,
 0.870148241519928,
 0.8722749948501587,
 0.8724122047424316,
 0.8713043928146362

val_accuracy - 0.6745242476463318,
 0.7586517333984375,
 0.7879791855812073,
 0.7961344718933105,
 0.8097999095916748,
 0.8054845333099365,
 0.8079233765602112,
 0.8128470778465271,
 0.8196818232536316,
 0.8172131776809692,
 0.8230080604553223,
 0.8259011507034302,
 0.8328839540481567,
 0.8339787721633911,
 0.829210638999939,
 0.8376885056495667,
 0.8332892060279846,
 0.8413861989974976,
 0.8385327458381653,
 0.845170259475708,
 0.8458694219589233,
 0.8441901803016663,
 0.844819962978363,
 0.8446759581565857,
 0.8514357805252075,
 0.8522985577583313,
 0.8482233881950378,
 0.8583047986030579,
 0.8538951873779297,
 0.861853301525116,
 0.8576903939247131,
 0.8609403371810913,
 0.8648694157600403,
 0.8628301024436951,
 0.8636404871940613,
 0.8655573129653931,
 0.8729116320610046,
 0.8650341033935547,
 0.8593113422393799,
 0.865736722946167,
 0.8702258467674255,
 0.8673079013824463,
 0.8719929456710815,
 0.8741486668586731,
 0.8687936067581177,
 0.8761765956878662,
 0.8738471865653992,
 0.8796131610870361,
 0.8791879415512085,
 0.8806666135787964