loss - 0.7883586287498474,
 0.6169530153274536,
 0.5402601361274719,
 0.5039541125297546,
 0.4840180575847626,
 0.46774497628211975,
 0.4575364291667938,
 0.45132434368133545,
 0.4414657652378082,
 0.45324569940567017,
 0.43481966853141785,
 0.42908695340156555,
 0.42531853914260864,
 0.4192323088645935,
 0.40891310572624207,
 0.4049527943134308,
 0.40739506483078003,
 0.3956437408924103,
 0.4011904299259186,
 0.39050835371017456,
 0.3898519277572632,
 0.3826856017112732,
 0.38100993633270264,
 0.3758575916290283,
 0.3732568025588989,
 0.37197789549827576,
 0.3733251690864563,
 0.3744018077850342,
 0.3630082607269287,
 0.3628668785095215,
 0.3645477890968323,
 0.3526303172111511,
 0.35316067934036255,
 0.35530200600624084,
 0.3492295742034912,
 0.3460712134838104,
 0.3418433666229248,
 0.3386703431606293,
 0.3384016752243042,
 0.3354637324810028,
 0.33596840500831604,
 0.33277416229248047,
 0.3331223130226135,
 0.3272497057914734,
 0.32432353496551514,
 0.32249879837036133,
 0.31923043727874756,
 0.31718727946281433,
 0.3185654878616333,
 0.3161737620830536

loss_val - 0.6995787024497986,
 0.607593834400177,
 0.5370585918426514,
 0.4904680550098419,
 0.5322240591049194,
 0.46953365206718445,
 0.4528208076953888,
 0.45179370045661926,
 0.42741093039512634,
 0.4879063665866852,
 0.4288608729839325,
 0.416923850774765,
 0.4024762809276581,
 0.4078047275543213,
 0.40311503410339355,
 0.4057809114456177,
 0.39652079343795776,
 0.39034873247146606,
 0.40366804599761963,
 0.3964141011238098,
 0.3771660625934601,
 0.3598538935184479,
 0.38586077094078064,
 0.36874622106552124,
 0.3659811317920685,
 0.37220120429992676,
 0.3592687249183655,
 0.3483737111091614,
 0.3544175922870636,
 0.4696071445941925,
 0.3444998860359192,
 0.33694714307785034,
 0.3422659635543823,
 0.3686809241771698,
 0.3407290577888489,
 0.33121174573898315,
 0.3342583179473877,
 0.3245562016963959,
 0.32974326610565186,
 0.32675278186798096,
 0.32260918617248535,
 0.3199751377105713,
 0.31984272599220276,
 0.32417231798171997,
 0.31760460138320923,
 0.3445254862308502,
 0.30267342925071716,
 0.3029711842536926,
 0.29684069752693176,
 0.311979204416275

accuracy - 0.6438890099525452,
 0.7356910705566406,
 0.7720320224761963,
 0.7879796028137207,
 0.7966892123222351,
 0.8035340905189514,
 0.8082227110862732,
 0.8113555312156677,
 0.815104067325592,
 0.8118909001350403,
 0.8184161186218262,
 0.820866048336029,
 0.8227442502975464,
 0.8248727917671204,
 0.8294662237167358,
 0.8303157091140747,
 0.8303322792053223,
 0.8345918655395508,
 0.8328515291213989,
 0.8368687033653259,
 0.8371851444244385,
 0.8398633599281311,
 0.840721070766449,
 0.8428961038589478,
 0.8441003561019897,
 0.8443998694419861,
 0.8442147970199585,
 0.8436872959136963,
 0.848227322101593,
 0.8482096791267395,
 0.8476695418357849,
 0.8522820472717285,
 0.8523446321487427,
 0.8517431616783142,
 0.8536360859870911,
 0.8547430038452148,
 0.8569994568824768,
 0.8584190011024475,
 0.8586425185203552,
 0.8590791821479797,
 0.8596059083938599,
 0.8606324791908264,
 0.8609488606452942,
 0.8631472587585449,
 0.8643271327018738,
 0.8651719093322754,
 0.8664286732673645,
 0.8673622012138367,
 0.8666078448295593,
 0.8677440881729126

val_accuracy - 0.689180850982666,
 0.746057391166687,
 0.7814790606498718,
 0.7899253964424133,
 0.788857638835907,
 0.802048921585083,
 0.8132397532463074,
 0.8113776445388794,
 0.8212482333183289,
 0.8018320798873901,
 0.8198330402374268,
 0.8254454731941223,
 0.8330144882202148,
 0.8287064433097839,
 0.8315221071243286,
 0.8326016664505005,
 0.8360002040863037,
 0.8374292254447937,
 0.8321269154548645,
 0.8355485796928406,
 0.843275785446167,
 0.8526526093482971,
 0.8415078520774841,
 0.8481011390686035,
 0.8464804291725159,
 0.8448553681373596,
 0.8514212369918823,
 0.8545121550559998,
 0.8537275791168213,
 0.8115295171737671,
 0.8553349375724792,
 0.8589859008789062,
 0.8572048544883728,
 0.8461179137229919,
 0.8573153614997864,
 0.8624265193939209,
 0.8613088726997375,
 0.864707350730896,
 0.8620699644088745,
 0.8633933067321777,
 0.8661154508590698,
 0.8663626909255981,
 0.8650730848312378,
 0.8645444512367249,
 0.8701533079147339,
 0.8549882173538208,
 0.8723632097244263,
 0.8738517165184021,
 0.8764451146125793,
 0.87272709608078